31191 1
31211 30
31404 41
31404 8
31404 1
31328 45
31328 34
31510 1
31735 38
32116 34
32116 7
31328 1
31405 3
31468 2
31543 25
31675 9
31510 9
31510 31
32116 1
32053 77
32053 2
32053 1
32423 21
32448 51
32448 7
32448 1
32495 49
32495 30
32495 1
32892 33
32849 16
32849 30
32849 1
32962 9
32976 37
33390 16
33390 16
33390 1
33321 26
33321 52
33776 1
33801 51
34106 17
34106 10
33321 1
33502 1
33776 59
33776 18
34106 1
33954 63
34149 5
34149 10
34149 1
34548 73
34548 5
34548 1
34390 18
34402 31
34386 1
34386 28
34386 1
34590 2
34844 14
34660 52
34660 10
34660 1
34972 9
34972 69
34972 1
35156 17
35551 54
35551 7
35551 1
35527 28
35561 26
35381 3
35708 6
35708 15
35708 1
35979 45
35979 33
35979 1
35891 34
35891 44
35891 1
36156 4
36240 31
36240 43
36240 1
36421 16
36511 41
36680 10
36680 11
36680 1
36570 32
36676 31
36676 15
36676 1
37013 39
37013 39
37013 1
37043 4
37180 34
37215 7
37215 33
37668 1
37740 15
37665 17
37532 23
37624 7
37624 16
37215 1
37269 10
37479 17
37505 37
37668 2
37668 12
37624 1
37801 14
37952 9
37788 35
38187 11
38187 9
38187 1
38008 25
38375 27
38375 26
38375 1
38466 44
38647 15
38647 19
38647 1
38558 14
38614 56
38897 2
38897 6
38897 1
38939 14
38737 45
38737 19
38737 1
39093 22
38998 40
38998 16
39563 1
39520 57
39520 21
38998 1
39158 2
39342 11
39351 8
39563 52
39563 5
39520 1
39714 29
39714 49
39714 1
39957 14
39933 51
39933 13
39933 1
40318 9
40197 38
40197 31
40197 1
40513 11
40597 40
40692 19
40692 8
40692 1
40668 25
41115 36
41115 17
41115 1
41060 30
41137 30
41137 18
41137 1
41299 21
41185 26
41254 5
41254 26
41254 1
41529 4
41529 74
41529 1
41814 6
41823 37
41823 35
41823 1
41923 19
42090 41
42090 18
42090 1
42255 3
42286 32
42301 18
42217 15
42217 10
42217 1
42378 5
42460 44
42825 28
42825 1
43021 51
43021 27
43021 1
42893 40
42893 38
42893 1
43275 3
43163 27
43163 48
43163 1
43324 13
43415 14
43433 22
43331 4
43331 25
43331 1
43561 9
43695 3
43714 22
44018 39
44018 5
44018 1
43816 44
43943 22
43936 6
43936 6
43936 1
44110 6
44264 33
44264 39
44264 1
44501 11
44329 11
44355 27
44679 23
44679 6
44679 1
44746 36
44955 38
44955 4
44955 1
44890 54
44890 24
44890 1
45219 22
45274 55
45274 1
45271 43
45644 17
45644 18
45931 1
46136 59
46136 19
45644 1
45603 44
45931 14
45931 20
46136 1
46445 60
46445 18
46445 1
46294 27
46361 19
46361 32
77575 1
77870 75
77870 4
77870 1
77703 39
77763 14
62302 8
62302 18
62302 1
77964 33
62459 23
78217 7
78217 16
78217 1
62733 8
78195 39
78195 32
78195 1
78534 30
78621 44
78621 5
78621 1
78877 10
78842 34
78842 35
79222 1
79181 47
79181 32
78842 1
63549 24
79071 4
79005 27
63607 9
79222 4
79222 11
79181 1
63912 6
79597 24
79597 48
79597 1
64211 16
79853 19
79977 40
79977 3
79977 1
79995 50
80132 18
80132 10
80132 1
80296 56
80271 15
80271 7
80271 1
64926 14
80426 29
64862 9
64862 26
64862 1
80629 3
65336 27
80804 39
80992 4
80992 5
80992 1
80935 21
80935 57
80935 1
81270 2
81489 55
81489 21
81489 1
81371 53
81540 21
81540 4
81540 1
81345 13
81637 6
81637 59
82238 1
82175 29
82175 49
81637 1
81861 4
66338 36
82238 23
82238 15
82387 1
82606 10
82717 44
82717 24
82175 1
82098 2
82185 3
82379 6
82286 10
82387 17
82387 40
67411 1
82805 19
82805 59
82805 1
67536 23
83052 9
83422 8
83422 38
83422 1
83252 57
83252 21
83252 1
83593 23
83593 55
83593 1
83802 11
83939 39
84061 26
84061 2
84061 1
84031 50
84031 28
84202 1
68747 11
84229 30
84229 37
84229 1
84586 6
84474 6
84689 4
69012 22
84458 22
84458 18
85040 1
84965 37
84965 41
84458 1
84693 8
84859 9
69319 12
84932 23
85040 20
85040 6
84965 1
85232 4
85234 24
85218 34
85218 16
85218 1
70069 9
85474 32
85517 28
85517 9
85517 1
70258 12
85831 29
85831 37
85831 1
85934 16
70516 24
86220 13
86220 25
86220 1
86514 64
86514 14
86334 1
86570 5
86708 64
86708 9
86708 1
71186 10
86755 51
86755 17
86755 1
71156 7
86981 4
71467 6
86982 3
86988 39
86988 19
86988 1
71723 4
87137 14
71789 23
87137 12
72002 2
72002 23
72002 1
87494 47
87396 14
87787 13
87787 4
87787 1
72347 62
87716 12
87716 4
87716 1
87879 5
87851 30
72669 37
72669 6
72669 1
72775 37
88413 32
88413 9
88413 1
88691 69
88691 9
88800 1
88879 1
73438 28
89029 42
89029 7
88691 1
88800 17
88800 61
89029 1
89227 12
73614 46
89073 17
73873 2
73873 1
73812 36
89455 9
89455 33
74395 1
89844 30
90255 45
90255 3
89455 1
89669 20
74183 12
74080 22
89634 2
74395 19
74395 3
90255 1
90145 29
90145 49
90145 1
90443 28
90680 42
90680 8
90680 1
90568 20
90568 58
90568 1
90833 4
90918 38
90850 11
91207 12
91207 13
91207 1
91221 45
91086 17
75781 6
75781 10
75781 1
91307 45
91307 33
91307 1
76140 26
91586 15
91554 29
91554 8
91554 1
91957 8
76315 29
91816 20
76534 19
76534 2
76534 1
92135 28
92110 33
92110 17
92110 1
76804 1
92398 17
92317 3
92436 23
77175 18
77175 16
92655 1
92913 5
77289 22
77289 51
77175 1
92662 23
92607 41
92655 4
92655 10
108421 1
108426 35
108604 8
108604 36
108604 1
108722 25
108826 23
108826 31
108826 1
109080 18
109080 61
109235 1
109303 42
109267 10
109527 10
109527 17
109527 1
109453 7
109555 34
109555 38
109555 1
109832 1
109741 47
109901 25
109901 6
109901 1
110075 43
110206 27
110206 9
110206 1
110305 29
110424 36
110424 14
110424 1
110366 52
110509 4
110509 22
110652 1
110919 70
110919 8
110919 1
110923 26
110905 43
110905 9
110905 1
111239 28
111135 4
111135 46
111135 1
111384 2
111401 57
111401 19
111401 1
111570 2
112029 47
112029 29
112029 1
112012 60
112086 12
112086 6
112086 1
112203 59
112320 11
112320 8
112398 1
112761 17
112647 8
112600 26
112600 27
112320 1
112398 68
112398 10
112600 1
112852 24
112894 45
112894 9
112894 1
113199 5
113209 36
113193 25
113193 12
113193 1
113429 20
113369 16
113321 32
113321 10
113321 1
113546 12
113540 44
113540 22
114187 1
114004 66
114427 10
114427 2
113540 1
113830 18
113740 24
113776 15
114187 10
114187 11
114657 1
114636 51
114847 19
114847 8
114427 1
114282 36
114657 24
114657 18
114847 1
114810 55
115055 11
115055 12
115055 1
114951 25
114951 53
115674 1
115629 48
115864 11
115864 19
114951 1
115177 19
115293 5
115228 7
115674 36
115674 11
115864 1
115722 50
116044 27
116044 1
116121 24
116343 51
116343 3
116343 1
116476 61
116476 17
116476 1
116622 48
116622 30
116745 1
116748 38
116699 6
116699 34
116699 1
116881 1
116791 9
116908 5
116941 11
116995 41
116995 11
116995 1
117189 38
117222 3
117222 37
117222 1
117530 27
117563 15
117423 10
117423 26
117423 1
117386 12
117651 18
118039 28
118039 20
118039 1
117890 17
117949 20
118092 13
118092 28
118137 1
118264 3
118464 20
118496 1
118653 49
118653 5
118092 1
118284 1
118125 25
118125 52
118653 1
118612 27
118636 12
118717 27
118717 12
118717 1
119021 2
119029 14
119029 62
119528 1
119380 51
119380 27
119029 1
119118 14
119136 3
119528 41
119528 20
119884 1
119925 20
120176 57
119380 1
119554 28
119884 44
119884 6
120176 1
120176 78
120176 1
120292 6
120292 72
120292 1
120622 1
120561 31
120561 46
120561 1
120878 1
120974 26
121022 46
121022 5
121022 1
121140 22
121399 42
121399 14
121399 1
121346 29
121346 49
121346 1
121666 5
121540 46
121698 12
121698 15
121698 1
121854 16
121975 54
121975 8
121975 1
122139 52
122139 26
122139 1
122450 15
122473 38
122473 25
122473 1
122691 18
122675 43
122675 17
122675 1
122844 12
122791 26
122716 18
122716 22
123046 1
123340 18
123392 8
123257 27
123257 25
122716 1
123118 26
122981 9
123046 11
123046 32
123257 1
123253 8
123616 1
123652 36
123524 17
123790 13
123790 3
123790 1
123739 42
123847 9
123847 27
155108 1
154926 17
154926 62
154926 1
155155 1
155264 46
155264 32
155264 1
155471 8
155554 16
155398 26
155603 7
155603 22
155603 1
155700 26
155641 23
155641 30
155641 1
155972 1
155878 30
156322 25
156322 23
156322 1
156247 47
156247 32
156247 1
156379 37
156770 18
156770 24
156770 1
156790 12
156723 24
156871 30
156871 13
157055 1
157085 6
157519 68
157519 4
156871 1
156855 18
157055 30
157055 30
157519 1
157336 33
157303 22
157650 18
157650 5
157650 1
157764 56
157764 22
157789 1
158027 18
158108 37
158452 13
158452 10
157764 1
157802 24
157789 12
157789 42
158452 1
158393 62
158393 16
158393 1
158568 15
158605 34
158605 29
158839 1
159150 9
159119 23
159119 46
158605 1
158904 32
158839 24
158839 22
159119 1
159336 4
159276 13
159380 10
159388 41
159388 10
159388 1
159578 9
159519 29
159595 14
159595 26
159726 1
159766 22
159766 56
159766 1
160105 32
160109 20
160109 26
160109 1
160420 34
160308 25
160308 19
160308 1
145065 11
160518 23
145360 13
145360 31
160868 1
160946 17
160952 16
161077 29
145832 1
145832 15
145360 1
160899 29
160880 19
160868 25
160868 5
145832 1
161405 44
161292 23
161292 11
161292 1
161478 37
161478 41
161478 1
161845 19
161689 3
161826 23
162126 19
162126 14
162126 1
161945 16
161927 19
161938 2
161938 41
161938 1
162349 15
162349 63
162349 1
162562 7
162555 13
162555 58
162555 1
162808 1
147164 62
162646 1
162646 14
162646 1
162956 2
147610 68
163240 7
163240 1
163129 54
163180 6
163180 18
163180 1
163535 11
163378 21
163600 40
163600 6
163865 1
163936 10
163973 45
163973 23
163600 1
163602 33
163865 40
163865 5
163973 1
164153 22
164158 46
164158 10
164158 1
164328 24
164328 54
164682 1
164929 2
164941 12
165027 40
165027 24
164328 1
164619 9
164659 47
164682 15
164682 7
165027 1
165171 3
165239 52
165323 12
165323 11
165323 1
165688 63
165688 15
165688 1
165690 57
165690 21
165690 1
165978 8
166008 26
166026 38
166026 6
166026 1
166162 22
166133 50
166133 6
166133 1
166284 35
166339 10
166302 4
166512 25
166512 4
166512 1
166560 17
166618 5
166503 25
166503 31
166503 1
166961 7
166797 17
166869 20
166869 34
166869 1
166985 8
167221 37
167221 33
167221 1
167300 9
167431 56
167431 13
167431 1
167519 13
167713 64
167713 1
152346 40
167875 24
167777 5
167777 9
167777 1
168005 5
168069 52
168069 21
168069 1
168251 18
168310 24
168247 19
168247 17
168914 1
168773 43
169057 31
169057 4
168247 1
168647 12
168643 2
153013 11
168668 42
168914 10
169057 1
169053 8
153606 25
169100 27
169033 10
169033 8
169033 1
169215 12
169176 48
169176 18
169567 1
169708 36
169906 40
169906 2
169176 1
169615 24
169525 16
169567 15
169567 23
169978 1
170267 2
170292 31
170358 39
170358 6
169906 1
169978 34
169978 44
185891 1
185955 27
186110 49
186110 3
186110 1
186200 36
186219 10
186189 26
186189 7
186189 1
186406 3
186427 29
186361 10
186583 20
186583 17
186583 1
186751 34
186603 20
186603 25
186603 1
186964 21
187015 25
186895 17
186895 16
186895 1
187126 24
187068 9
187333 35
187333 11
187333 1
187377 41
187377 38
187377 1
187411 16
187754 6
187639 12
187976 12
187976 33
187976 1
187835 64
188015 3
188015 11
188015 1
188246 18
188482 36
188482 24
188482 1
188341 40
188341 38
188341 1
188686 11
188708 14
188708 53
188708 1
188882 10
188837 45
188837 23
188837 1
189235 11
189089 9
189240 26
189240 32
189240 1
189396 32
189396 46
189396 1
189648 22
189502 8
189502 48
190098 1
190200 41
190200 37
189502 1
189871 16
189831 41
190098 4
190098 17
190452 1
190673 48
190673 30
190200 1
190372 5
190279 29
190452 27
190452 17
190890 1
190988 3
191162 29
191374 38
191374 8
190673 1
190731 10
190890 56
190890 12
191374 1
191409 4
191209 40
191228 8
191401 3
191570 19
191570 4
191570 1
191878 70
191878 8
191878 1
191707 34
192103 29
192103 15
192103 1
192077 50
192077 28
192411 1
192502 34
192607 11
192625 32
192077 1
192374 12
192298 22
192199 14
192411 26
192411 4
192637 1
192932 6
192975 27
192975 45
192625 1
192659 24
192851 6
192637 32
192637 16
193509 1
193525 57
193525 21
192975 1
193240 15
193330 21
193509 41
193525 1
193741 28
193741 50
193741 1
193885 37
193991 38
193991 3
193991 1
194107 10
194163 53
194380 6
194380 9
194380 1
194463 34
194739 31
194739 13
194739 1
194783 4
194602 50
194807 1
194807 23
194807 1
194986 11
194911 25
194841 15
194841 27
194841 1
195223 25
195214 27
195214 26
195214 1
195502 5
195621 65
195621 8
195621 1
195541 3
195545 68
195545 7
195545 1
195848 6
195882 23
195988 23
196218 14
196218 12
196078 1
196278 38
196278 40
196218 1
196078 46
196078 32
196278 1
196705 2
212000 14
196713 29
196542 28
196542 5
196542 1
196895 2
196842 49
196842 27
197325 1
197430 56
197511 13
197511 9
196842 1
197087 17
197086 19
197325 33
197325 9
197588 1
197909 8
197890 1
197805 46
197805 23
197511 1
197559 33
197588 35
197588 10
197805 1
198159 14
197979 47
198031 8
198031 9
198219 1
198236 63
198236 15
198549 1
198762 6
198868 9
198701 19
199069 29
199059 8
199059 7
198236 1
198555 16
198604 16
198549 33
198549 13
199059 1
199166 72
199166 6
199166 1
199315 3
199431 53
199431 22
199431 1
199484 36
199483 13
199524 2
199524 27
199524 1
199653 20
199676 15
199794 13
199794 30
199964 1
200281 28
200362 30
200362 20
199794 1
200028 17
199928 17
199964 4
199964 40
200759 1
200945 71
200945 7
200362 1
200520 3
200434 40
200759 27
200759 8
201104 1
201325 17
201138 36
201138 25
200945 1
201016 50
201104 24
201104 4
