294359 1
294288 21
294366 4
294501 15
294707 15
294707 24
294707 1
294629 23
294583 9
294686 7
294749 12
294907 22
294907 6
294907 1
294823 19
294926 22
294858 5
294919 17
294919 16
294919 1
295112 5
295050 6
295034 23
295113 23
295273 15
295273 7
295273 1
295466 18
295478 31
295421 12
295450 14
295450 4
295450 1
295511 19
295574 27
295612 3
295705 23
295705 7
295705 1
295764 20
295829 16
295870 7
295993 22
295993 14
295993 1
296149 30
296068 6
296160 35
296160 8
296512 1
296671 7
296567 28
296658 9
296648 13
296648 21
296160 1
296217 11
296310 16
296345 14
296449 6
296512 30
296648 1
296701 4
296844 8
296877 36
296877 30
296877 1
297009 12
297019 45
297033 6
297033 15
297610 1
297448 35
297447 15
297471 23
297471 5
297033 1
297181 16
297281 29
297318 21
297610 2
297610 10
297471 1
297709 18
297845 33
297847 1
297847 26
297847 1
298068 11
298060 23
298022 18
298117 15
298117 11
298377 1
298392 9
298506 4
298498 32
298681 30
298681 3
298117 1
298262 5
298228 10
298377 39
298377 24
298681 1
298764 24
298643 20
298774 12
298774 22
298774 1
298948 1
298951 13
298938 47
298938 17
299496 1
299380 43
299442 16
299442 19
298938 1
299198 7
299342 4
299238 18
299218 5
299166 1
299236 19
299496 19
299496 5
299954 1
299994 25
300286 42
300286 11
299442 1
299744 19
299677 8
299706 13
299751 18
299954 11
299954 9
300199 1
300486 3
300378 14
300344 47
300773 7
300773 7
300286 1
300190 13
300139 29
300188 7
300199 19
300199 10
300773 1
300644 33
300865 43
300865 2
300865 1
300878 11
300834 19
300850 7
300809 23
301248 12
301248 6
301248 1
301130 10
301201 15
301241 9
301165 4
301188 38
301188 2
301188 1
285896 21
301439 11
301439 46
301696 1
301560 30
301745 4
301744 3
301552 22
301646 4
301878 6
301878 9
301878 1
301994 26
301962 38
301962 14
301962 1
302135 1
302044 36
302161 21
302161 20
302161 1
302375 13
302348 9
302268 8
302437 2
302388 18
302562 25
302562 3
302937 1
302747 11
302921 2
302948 30
302742 25
302790 5
302790 5
302562 1
302518 28
302555 1
302504 19
302678 19
302937 5
302937 6
302790 1
303073 15
303167 23
303181 1
303181 39
303201 1
303269 6
303463 14
303277 10
303265 34
303692 9
303692 5
303692 1
303669 20
303679 9
303494 6
303482 6
303868 24
303868 13
303868 1
303737 35
303937 20
303937 23
304054 1
304131 33
304069 17
304032 7
288750 19
288750 2
288750 1
304410 18
304259 35
304259 25
304259 1
304611 2
304560 42
304454 4
304454 30
304454 1
304794 3
304835 26
304842 9
304806 28
304806 12
305050 1
305016 19
305080 17
305042 20
305152 9
305152 13
305152 1
305255 8
305280 15
305269 19
305269 36
305269 1
305281 1
305183 9
305406 3
305416 29
305455 12
305655 20
305655 4
305655 1
305748 26
305730 7
305876 7
305760 21
305934 11
305934 6
305934 1
306050 25
306003 30
306051 15
306119 6
306119 2
306119 1
306220 1
306316 12
306207 16
306219 8
306253 27
306253 14
306253 1
306436 7
306477 9
306491 27
306570 21
306570 14
306570 1
306800 1
306709 9
306745 19
306826 15
306714 31
306714 3
306714 1
306914 11
307085 24
306867 18
307024 2
307100 20
307100 3
307100 1
307221 20
307315 27
307281 29
307281 2
307281 1
307527 4
307557 19
307410 12
307592 41
307592 2
307592 1
307618 8
307758 30
307596 1
307759 13
307759 26
307759 1
307951 11
307899 24
307888 13
307868 18
308263 8
308263 4
308263 1
308108 25
308260 24
308098 25
308098 4
308098 1
308464 4
308466 11
308406 39
308415 23
308415 1
308757 7
308668 26
308623 17
308678 14
308891 12
308891 2
308891 1
293319 5
308887 2
308964 17
308829 5
308985 12
308985 37
309066 1
309159 19
309151 5
309176 18
309349 30
309349 6
309349 1
309299 39
309466 17
309477 3
309477 19
309477 1
309658 10
309724 8
309737 7
309701 6
309701 47
325286 1
325474 20
325300 49
325300 10
325300 1
325511 14
325628 3
325638 35
325638 27
326171 1
325981 9
326133 22
326093 20
326093 28
325638 1
325841 9
325805 8
325892 31
326171 14
326171 17
326093 1
326295 9
326352 12
326298 22
326299 2
326356 27
326356 7
326356 1
326561 4
326666 15
326619 31
326575 10
326757 3
326757 16
326757 1
326882 25
326713 24
326924 19
327113 9
327113 2
327113 1
327146 20
326985 33
326985 26
326985 1
327403 1
327363 22
327220 10
327562 30
327562 15
327562 1
327557 24
327453 4
327631 7
327632 28
327632 15
327632 1
327670 2
327686 22
327691 10
327691 44
327758 1
328076 4
327989 6
328076 5
327932 8
327979 26
328062 5
328335 12
328335 12
328172 1
328452 10
328546 4
328502 31
328578 19
328578 14
328335 1
328199 23
328331 21
328166 12
328249 11
328172 10
328973 1
328960 43
328917 9
328917 26
328578 1
328618 3
328779 12
328746 13
328760 32
328973 10
328973 8
329353 1
329210 20
329323 5
329271 25
329120 11
329120 17
329120 1
329327 4
329585 16
329455 12
329589 22
329463 11
329624 2
329624 11
329624 1
329673 17
329845 14
329828 18
329653 13
329653 16
329653 1
329858 6
329861 15
329847 14
329936 21
329859 3
329925 1
330151 17
330151 1
330119 7
330304 22
330545 45
330545 4
330545 1
330420 13
330404 6
330459 15
330490 1
330478 30
330478 13
330478 1
330623 5
330577 11
330712 20
330669 15
330678 8
330678 19
330678 1
330916 26
330902 32
330944 13
330944 7
331229 1
331440 10
331373 14
331363 15
331569 24
331569 15
330944 1
331071 1
331099 24
331169 31
331229 16
331229 6
331569 1
331664 16
331576 13
331694 3
331555 7
331555 39
331555 1
331869 5
331991 8
331821 7
332136 46
332136 12
332136 1
332160 24
332109 26
332083 1
332083 27
332083 1
332436 7
332284 42
332419 11
332276 11
332276 7
332818 1
332952 3
332816 36
332878 28
332878 11
332276 1
332513 4
332553 9
332660 13
332524 4
332647 30
332818 11
332818 7
332878 1
333068 8
333072 32
333063 24
333465 1
333465 13
333465 1
333268 26
333278 32
333278 20
333278 1
333553 2
333702 8
333591 22
333516 33
333516 13
333516 1
333953 18
333830 28
333770 3
333836 18
333836 11
333836 1
334170 2
333970 7
334104 16
333989 16
333983 22
334255 12
334255 3
334255 1
334257 37
334294 33
334294 8
334294 1
334548 15
334473 24
334509 14
334588 7
334588 18
334588 1
334680 6
334858 1
334764 26
334841 19
334841 26
334841 1
334979 3
335129 8
334940 27
335050 16
335005 8
335260 10
335260 6
335260 1
335381 31
335389 23
335389 24
335676 1
335687 29
335781 3
335861 7
335811 2
335680 10
335680 27
335389 1
335488 16
335419 34
335454 14
335676 1
335676 13
335680 1
335945 6
335975 13
336086 14
336053 33
336053 12
336053 1
336276 19
336314 25
336170 15
336403 1
336403 18
336403 1
336567 33
336395 13
336391 4
336391 28
336391 1
336631 18
336646 17
336804 4
336684 14
336684 25
337128 1
337298 11
337304 11
337171 36
337380 19
336684 1
336729 3
336914 4
337095 22
337128 37
337128 12
337634 1
337809 31
337619 13
337626 32
337626 2
337380 1
337568 6
337530 10
337468 28
337634 19
337634 15
337626 1
337998 4
338055 29
337966 16
337853 8
338216 6
338216 15
338216 1
338208 20
338121 14
338167 23
338167 21
338167 1
338334 11
338550 2
338439 32
338440 11
338326 2
338629 12
338629 8
338629 1
338630 21
338650 13
338791 29
338791 15
338791 1
338907 9
339007 31
338811 10
338852 23
338852 5
338852 1
339183 9
339163 26
339107 8
339107 35
339107 1
339362 7
339338 18
339440 35
339666 2
339666 16
339666 1
339720 21
339576 17
339628 26
339628 14
339980 1
340248 10
340243 6
340120 4
340234 5
340080 47
340080 6
339916 1
339922 14
339955 15
339887 33
339980 15
340080 1
340409 8
340457 16
340314 7
340417 11
340283 30
340571 4
340571 2
340579 1
340638 19
340723 9
340703 16
340528 26
340528 8
371794 1
371786 32
371896 15
372044 21
372044 11
372044 1
371979 15
371996 16
372036 16
372116 8
372116 24
372116 1
372237 10
372226 9
372240 33
372270 18
372241 1
372241 8
372241 1
372585 14
372641 17
372567 27
372537 6
372537 15
372537 1
372764 6
372830 3
372896 11
372850 22
372906 15
372722 9
372722 13
372722 1
372930 23
372933 18
373307 21
373307 17
373307 1
373325 16
373262 15
373196 19
373503 21
373503 8
373503 1
373440 23
373497 9
373593 11
373489 19
373489 17
373489 1
373670 4
373654 32
373959 30
373959 12
373959 1
373974 13
374046 18
374107 2
374036 17
374013 16
374013 12
374013 1
374248 4
374264 27
374278 35
374278 12
374278 1
374510 7
374511 22
374509 8
374474 14
374461 8
374461 19
374461 1
374720 19
374679 43
374684 7
374889 7
374889 2
374889 1
374911 9
374949 9
374975 9
374893 15
375234 22
375234 14
375234 1
375281 23
375103 34
375196 2
375323 14
375323 5
375323 1
375565 6
375537 19
375398 4
375458 29
375682 13
375682 7
375682 1
375760 13
375675 1
375662 36
375792 1
375584 13
375584 14
375853 1
375871 21
375963 32
375963 25
376530 1
376547 18
376394 47
376394 13
375963 1
376127 5
376215 18
376240 25
376530 28
376530 2
376394 1
376785 2
376575 4
376746 22
376587 12
376756 33
376756 5
376756 1
376859 14
376849 14
376818 38
376818 12
376818 1
377051 10
377251 44
377308 2
377308 22
377308 1
377326 26
377471 17
377471 35
377471 1
377633 7
377574 35
377631 17
377631 19
377631 1
377859 15
377989 10
377863 24
377792 1
377899 13
377899 15
377899 1
378102 14
378013 29
378013 35
378013 1
378299 9
378314 30
378386 4
378328 3
378497 22
378497 10
378497 1
378488 24
378558 26
378700 12
378633 6
378633 10
378633 1
378800 5
378758 1
378910 23
378783 23
378983 23
378983 3
378983 1
379093 21
379150 6
379156 36
379156 15
379156 1
379215 6
379410 20
379242 24
379242 28
379242 1
379603 7
379697 12
379501 9
379720 46
379720 4
379720 1
379804 21
379785 10
379777 6
379704 10
379742 19
379742 12
379742 1
380036 9
379985 15
380145 11
379976 18
380128 2
380128 23
380128 1
380222 5
380370 9
380226 37
380226 27
380724 1
380864 34
380848 35
380848 9
380226 1
380609 16
380507 7
380608 23
380724 19
380724 13
380848 1
380992 16
380922 25
381076 36
381076 1
381295 19
381203 16
381240 2
381486 35
381486 6
381486 1
381485 11
381529 6
381415 21
381644 29
381668 6
381668 5
381668 1
381704 7
381652 32
381639 5
381773 3
381889 18
381889 13
381889 1
382066 14
381923 13
381891 27
382007 19
382007 5
382007 1
382305 8
382310 29
382224 7
382534 17
382534 17
382534 1
382422 26
382554 10
382701 31
382701 11
382701 1
382810 10
382762 14
382692 10
382673 22
382664 9
382750 2
382750 11
383215 1
383218 10
383146 26
383307 20
383388 13
383388 9
382750 1
383024 4
382921 9
383008 20
382854 19
383215 23
383215 3
383388 1
383521 12
383381 25
383383 19
383467 2
383467 20
383467 1
383627 12
383597 32
383786 11
383960 22
383960 1
383959 37
384013 18
383835 9
383835 14
383835 1
384216 9
384072 42
384267 5
384267 22
384267 1
384302 6
384403 14
384407 27
384524 5
384524 26
384524 1
384569 17
384580 10
384595 19
384555 4
384555 28
384555 1
384849 18
384781 12
384787 4
385014 33
385014 11
385014 1
385116 2
385244 25
385105 2
385039 18
385293 26
385293 5
385293 1
385403 43
385403 35
385403 1
385682 17
385686 20
385718 13
385865 20
385865 8
385865 1
385977 19
385835 2
385895 20
385766 19
385766 18
385766 1
385995 19
385999 25
385999 34
385999 1
386463 6
386271 27
386236 19
386236 26
386236 1
386585 1
386521 6
386649 18
386486 26
386621 9
386570 15
386570 3
386570 1
386904 18
386782 8
386800 21
386740 16
386999 13
386999 2
386999 1
387151 8
387042 8
387141 38
387141 24
402854 1
402901 31
402916 9
402750 10
402769 2
402769 27
402769 1
402948 15
403095 15
402963 2
402942 15
402942 32
402942 1
403268 12
418844 5
403250 7
403407 41
403407 14
403407 1
403521 8
403552 28
403528 15
403528 28
403528 1
403834 12
403692 14
403704 15
403759 18
403759 20
403759 1
403943 8
403957 39
403973 22
404313 8
404313 2
404313 1
404253 24
404249 26
419685 27
419685 2
419685 1
404448 10
404432 5
404419 18
404619 13
404414 12
404701 13
404701 8
404701 1
404762 25
404683 34
404683 19
404683 1
404956 9
404894 21
404957 14
405255 29
405255 5
405255 1
405250 20
405187 41
405187 17
405187 1
405490 1
405389 2
405359 28
405428 20
405638 17
405638 10
405921 1
405968 18
405930 25
405930 35
405638 1
405635 21
405646 11
405829 4
405807 14
405628 18
405921 9
405930 1
406105 3
406255 40
406478 26
406478 9
406478 1
406392 11
406361 2
406473 19
406403 9
406475 18
406475 19
406607 1
406616 22
406731 2
406564 11
406739 19
406817 23
406817 1
422347 28
406931 1
406967 12
406944 13
407164 20
407164 4
407164 1
407096 4
407156 21
407055 31
407055 22
407055 1
407416 6
407330 12
407363 28
407393 7
407440 14
407657 1
407657 10
407657 1
407609 15
407715 19
407562 7
407889 33
407889 4
407889 1
407935 16
407863 5
407995 44
407995 13
408219 1
408399 15
408396 43
408461 12
408546 7
407995 1
408121 7
408170 17
408096 26
408219 10
408219 18
408546 1
408519 46
408788 29
408788 3
408788 1
408855 1
408941 40
408852 5
409200 27
409200 5
409200 1
409212 6
409219 26
409290 30
409070 2
409290 2
409290 12
409290 1
409458 30
409347 17
409347 31
409347 1
409663 2
409535 6
409607 41
409527 7
409527 22
409527 1
409766 13
409717 3
409863 8
409781 26
425240 16
410184 6
410184 6
410184 1
425604 28
410157 11
410079 4
410079 35
410382 1
410360 26
410243 15
410417 22
410518 9
410518 6
410518 1
410572 7
410541 31
410451 15
410451 25
410451 1
410843 12
410737 7
410860 22
410796 12
410796 25
410796 1
411098 9
411017 1
410995 26
410950 25
411024 10
411024 7
411274 1
411266 12
411187 28
411392 20
411349 9
411349 9
411349 1
411424 2
411442 48
411442 28
411442 1
411707 5
411847 31
411715 14
411715 28
411715 1
411887 13
411947 42
412001 16
412193 3
412193 4
412193 1
412328 21
412337 9
412299 6
412213 11
412213 31
412734 1
412635 19
412652 9
412620 18
412665 21
413011 1
413011 10
412213 1
412372 9
412472 13
412523 12
412504 7
412567 8
412734 24
412734 5
413011 1
413034 32
413015 9
413015 37
413015 1
413162 1
413307 19
413197 24
413480 27
413480 7
413480 1
413429 22
413450 24
413486 12
413486 20
413606 1
413712 24
413634 15
413700 2
413700 37
413700 1
413684 2
413857 6
413932 31
429438 8
413894 2
429380 13
429380 16
429380 1
414079 5
414169 13
414249 42
414070 6
414070 12
414070 1
414316 1
414466 23
414330 15
414332 1
414402 35
414402 3
414402 1
414606 2
414625 27
414772 20
414772 29
415145 1
415118 12
415216 16
415061 2
415091 19
415289 23
415289 6
414772 1
415025 7
414973 32
415145 22
415145 17
415289 1
415299 23
415346 22
415346 33
415346 1
415720 4
415741 32
415649 19
415840 22
415840 1
431428 23
415898 5
415926 16
415959 10
415989 14
416087 6
416087 4
416087 1
415999 11
416209 14
416043 42
416043 11
416043 1
416264 12
416253 1
416412 13
416418 5
416261 10
416464 18
416285 1
416519 11
416519 7
416519 1
416594 15
416650 10
416695 8
416616 32
416645 8
416546 2
416546 3
416546 1
416850 3
432338 23
416888 34
417102 5
417194 9
417194 4
417194 1
416989 23
417203 15
417135 27
417135 13
417605 1
417622 23
417577 31
417577 24
417135 1
417211 9
417262 1
417261 22
417209 2
417605 33
417605 11
417577 1
417746 9
417798 17
417921 17
417724 5
417907 8
417801 14
418012 1
418012 7
418012 1
418136 5
418078 35
418162 16
418162 22
449352 1
449177 7
449371 42
449601 19
449601 11
449601 1
449530 25
449558 5
449604 15
449463 14
449768 13
449768 7
449768 1
449762 40
449862 31
449862 8
449923 1
449909 12
449881 35
449881 32
449881 1
450261 16
450146 23
450347 32
450347 8
450347 1
450382 22
450449 7
450431 7
450433 24
450433 19
450433 1
450642 8
450703 3
450635 13
450779 9
450681 7
450672 19
450672 20
450672 1
451039 16
450925 19
450881 28
451301 15
451301 1
451309 30
451206 17
451195 13
451432 11
451432 7
451432 1
451474 34
451546 23
451349 3
451741 16
451741 2
451595 1
451946 9
452031 30
451927 12
452231 26
451741 1
451641 17
451647 21
451595 24
451595 16
452231 1
452060 23
452319 51
452319 4
452319 1
452537 34
452478 15
452462 8
452462 21
452462 1
452741 3
452693 12
452648 25
452731 30
452731 8
452731 1
453004 17
452970 4
453000 18
453002 23
452875 11
452875 5
452875 1
453236 16
453153 17
453214 21
453476 12
453476 12
453476 1
453471 41
453537 22
453537 15
453537 1
453588 26
453731 39
453780 7
453780 6
453780 1
453784 11
453891 23
453750 4
453863 3
453790 1
453827 12
453861 4
454195 16
454195 4
454087 1
454427 9
454332 26
454613 37
454613 6
454195 1
454103 22
454030 6
454087 40
454087 10
454613 1
454481 27
454692 17
454557 7
454686 11
454892 8
454892 8
454892 1
454732 19
454922 26
454889 17
454889 16
454889 1
454969 21
455175 18
455345 31
455345 8
455345 1
455350 45
455409 24
455408 1
455319 6
455319 2
455319 1
455602 5
455621 10
455566 33
455526 26
455486 2
455486 2
455526 1
455832 14
455905 35
455905 29
455905 1
455929 1
456023 19
455934 11
456014 19
456142 16
456209 9
456209 3
456209 1
456352 12
456216 15
456172 22
456485 20
456485 9
456485 1
456549 16
456477 27
456867 18
456867 17
456867 1
456862 25
456686 31
456686 22
457271 1
457287 26
457183 25
457166 23
457166 4
456686 1
456913 20
457019 18
457109 20
457271 17
457271 3
457399 1
457714 23
457812 3
457784 46
457784 6
457166 1
457412 18
457442 22
457527 15
457399 2
457399 21
457784 1
457976 6
458048 22
458070 28
458070 22
458070 1
458200 8
458189 19
458144 39
458144 12
458580 1
458598 5
458635 20
458823 21
458813 14
458749 4
458749 14
458144 1
458313 5
458554 6
458483 27
458370 8
458580 19
458580 13
458749 1
458976 2
458979 25
458960 15
458848 10
458835 16
458835 10
458835 1
459107 3
459088 26
459226 16
459085 4
459108 15
459108 14
459108 1
459390 14
459322 8
459483 22
459601 18
459601 16
459601 1
459602 19
459627 13
459614 18
459614 28
459614 1
460015 2
459854 26
459806 12
459842 4
459842 34
459842 1
459925 1
460179 5
460132 9
460171 26
460117 6
460084 14
460084 17
460084 1
460309 13
460426 15
460287 4
460367 4
460454 30
460454 12
460454 1
460759 8
460557 8
460708 3
460595 11
460970 43
460970 5
460970 1
460972 16
460805 9
460808 46
460808 7
460808 1
461113 2
461117 29
461187 5
461219 17
461153 7
461153 18
461153 1
461414 13
461255 1
461350 2
461261 23
461347 28
461347 11
461347 1
461322 3
461547 2
461494 12
461716 27
461812 33
461812 1
461788 19
461772 18
461778 21
461778 20
461778 1
462038 4
461978 14
462211 17
462015 6
462420 22
462420 15
462606 1
462642 11
462588 39
462599 5
462599 23
462420 1
462362 16
462433 28
462297 10
462606 18
462606 6
462599 1
462918 12
462833 25
462797 4
462885 13
463068 22
463068 2
463068 1
462998 17
462993 5
463166 10
462975 29
463260 10
463260 7
463260 1
463216 17
463298 19
463347 19
463423 4
463423 19
463423 1
463551 7
463460 34
463623 15
463623 22
463623 1
463809 28
463747 2
463729 23
463729 25
463729 1
463761 7
463943 5
464122 21
463972 30
463972 15
463972 1
464296 3
464257 22
464261 19
464370 14
464596 17
464596 3
464596 1
464503 23
464415 32
464415 23
